  43.5017N  79.6117W          UA_ID:    14733  SF_ID:    61587  OS_ID:              VERSION: 16216  ADJ_U*  CCVR_Sub TEMP_Sub
 5  1  1   1  1  -64.0  1.309 -9.000 -9.000 -999. 3593.   3132.1  0.3570   0.22   1.00   10.30  311.0   10.0  277.5    2.0     0  -9.00   999.  1003.     4 NAD-SFC NoSubs      
 5  1  1   1  2  -64.0  0.650 -9.000 -9.000 -999. 1892.    464.5  0.1660   0.22   1.00    6.70  298.0   10.0  275.9    2.0     0  -9.00   999.  1003.     2 NAD-SFC NoSubs      
 5  1  1   1  3  -64.0  0.842 -9.000 -9.000 -999. 1856.    834.8  0.3570   0.22   1.00    6.70  314.0   10.0  275.4    2.0     0  -9.00   999.  1003.     9 NAD-SFC NoSubs      
 5  1  1   1  4  -50.0  0.491 -9.000 -9.000 -999.  979.    264.8  0.1660   0.22   1.00    5.10  293.0   10.0  275.4    2.0     0  -9.00   999.  1003.     7 NAD-SFC NoSubs      
 5  1  1   1  5  -64.0  0.973 -9.000 -9.000 -999. 2302.   1286.8  0.3570   0.22   1.00    7.70  303.0   10.0  274.9    2.0     0  -9.00   999.  1003.     8 NAD-SFC NoSubs      
 5  1  1   1  6  -56.3  0.551 -9.000 -9.000 -999. 1217.    334.0  0.1660   0.22   1.00    5.70  292.0   10.0  274.9    2.0     0  -9.00   999.  1003.     9 NAD-SFC NoSubs      
 5  1  1   1  7  -61.3  0.601 -9.000 -9.000 -999. 1122.    398.0  0.1660   0.22   1.00    6.20  295.0   10.0  275.4    2.0     0  -9.00   999.  1003.    10 NAD-SFC NoSubs      
 5  1  1   1  8  -58.0  0.568 -9.000 -9.000 -999. 1031.    355.3  0.3570   0.22   1.00    4.60  323.0   10.0  274.9    2.0     0  -9.00   999.  1003.    10 NAD-SFC NoSubs      
 5  1  1   1  9  -64.0  0.973 -9.000 -9.000 -999. 2301.   1286.8  0.3570   0.22   0.62    7.70  307.0   10.0  274.2    2.0     0  -9.00   999.  1003.    10 NAD-SFC NoSubs      
 5  1  1   1 10  -18.7  0.553 -9.000 -9.000 -999. 1220.    806.8  0.1570   0.22   0.43    5.70  351.0   10.0  274.2    2.0     0  -9.00   999.  1003.    10 NAD-SFC NoSubs      
      
