 5  1  1  1    10.0 1   311.0    10.30     4.40    99.00    99.00
 5  1  1  2    10.0 1   298.0     6.70     2.80    99.00    99.00
 5  1  1  3    10.0 1   314.0     6.70     2.20    99.00    99.00
 5  1  1  4    10.0 1   293.0     5.10     2.20    99.00    99.00
 5  1  1  5    10.0 1   303.0     7.70     1.70    99.00    99.00
 5  1  1  6    10.0 1   292.0     5.70     1.70    99.00    99.00
 5  1  1  7    10.0 1   295.0     6.20     2.20    99.00    99.00
 5  1  1  8    10.0 1   323.0     4.60     1.70    99.00    99.00
 5  1  1  9    10.0 1   307.0     7.70     1.10    99.00    99.00
 5  1  1 10    10.0 1   351.0     5.70     1.10    99.00    99.00
 