   SRCPARAM 07PH1           0.0555    30.500   722.000  19.99741     0.800
   SRCPARAM 07PH2          0.02896    30.500   580.000  19.99741     0.800
   SRCPARAM 07PH3           0.2044    58.500   639.000   4.89936     2.300
   SRCPARAM 07PH5           0.0278    30.500   575.000  14.69809     0.800
   SRCPARAM 14H101        0.001689    35.400   550.000   0.39995     1.200
   SRCPARAM 14H102        0.001446    23.800   558.000   0.39995     0.900
   SRCPARAM 16H501        0.009345    27.400   523.000   1.09986     1.500
   SRCPARAM 17SOUTH           20.0   121.900   477.150   2.70018     2.700
   SRCPARAM 20H100       0.0009197    30.500   546.000   0.39995     0.900
   SRCPARAM 20H101        0.001988    39.800   547.000   0.39995     0.800
   SRCPARAM 20H102        0.001829    40.600   556.000   0.39995     0.800
   SRCPARAM 30NORTH           35.0   121.900   409.150   7.52504     3.700
   SRCPARAM 98ZTOF           1.192    17.000  1273.000   0.85200    10.500
   SRCPARAM 28HTUALL       0.11033    45.700   487.000   3.54239     2.600
   SRCPARAM LP_BOIL            0.1    17.550   500.000   1.36853     0.610